$SPEC_ID:
No sample description was entered.
$SPEC_REM:
DET# 1
DETDESC# PRAK01 Easy-MCA-2k SN 15071856
AP# Maestro Version 7.01
$DATE_MEA:
01/14/2002 22:34:54
$MEAS_TIM:
100 100
$DATA:
0 511
       0
       0
       0
       0
       0
       0
       0
       0
       0
       0
       0
       0
       1
       1
       1
       5
       0
       2
      10
     171
     255
     245
     240
     235
     247
     265
     235
     282
     268
     296
     286
     314
     287
     268
     311
     297
     279
     327
     327
     332
     333
     347
     385
     382
     325
     380
     358
     319
     369
     301
     345
     333
     346
     317
     313
     302
     305
     279
     323
     318
     265
     302
     273
     257
     292
     256
     263
     247
     286
     286
     270
     266
     279
     292
     282
     264
     277
     281
     253
     312
     280
     253
     262
     249
     282
     278
     273
     259
     270
     250
     236
     191
     228
     186
     144
     122
     132
     119
     131
     129
     125
     106
      99
      94
     115
      88
     113
     110
     110
     124
      86
     106
     133
     128
     130
     152
     178
     240
     340
     457
     678
     850
    1166
    1434
    1671
    1846
    1949
    1914
    1805
    1508
    1253
     978
     732
     518
     288
     221
     135
      78
      39
      19
      16
       7
       4
       3
       7
       3
       5
       3
       1
       3
       5
       2
       3
       1
       2
       2
       1
       5
       2
       0
       2
       2
       2
       4
       3
       3
       1
       1
       3
       2
       2
       1
       5
       4
       2
       4
       3
       4
       3
       1
       4
       0
       1
       4
       1
       0
       3
       3
       1
       2
       4
       3
       1
       0
       2
       1
       1
       1
       1
       0
       1
       3
       1
       2
       1
       3
       1
       0
       1
       3
       0
       0
       0
       1
       1
       1
       1
       4
       0
       0
       3
       0
       2
       1
       2
       1
       2
       0
       1
       0
       1
       0
       2
       0
       1
       0
       3
       0
       0
       1
       1
       1
       0
       0
       0
       0
       1
       0
       1
       1
       0
       0
       0
       2
       0
       0
       0
       0
       1
       2
       2
       1
       0
       1
       2
       2
       3
       1
       3
       0
       1
       2
       0
       0
       2
       1
       1
       1
       0
       0
       0
       0
       0
       0
       0
       0
       1
       0
       1
       1
       0
       1
       1
       0
       0
       0
       0
       1
       0
       1
       0
       1
       1
       0
       0
       0
       2
       1
       0
       1
       0
       0
       0
       0
       1
       1
       2
       0
       1
       1
       1
       0
       0
       1
       0
       1
       0
       0
       0
       0
       0
       0
       0
       1
       0
       0
       0
       0
       0
       0
       0
       0
       0
       0
       0
       0
       0
       0
       0
       2
       1
       0
       0
       1
       0
       0
       1
       0
       0
       1
       0
       2
       0
       1
       0
       0
       0
       1
       0
       0
       0
       0
       0
       1
       0
       0
       0
       0
       1
       0
       0
       0
       0
       0
       1
       0
       0
       1
       0
       0
       0
       0
       0
       0
       0
       0
       0
       0
       0
       0
       0
       0
       0
       0
       0
       0
       0
       1
       0
       0
       0
       0
       0
       0
       1
       0
       0
       0
       0
       0
       0
       0
       0
       0
       0
       0
       1
       0
       0
       0
       0
       1
       0
       0
       0
       0
       0
       0
       0
       0
       0
       0
       0
       0
       0
       0
       0
       0
       0
       0
       0
       0
       0
       0
       0
       0
       0
       1
       0
       1
       0
       0
       0
       0
       0
       1
       0
       1
       0
       0
       0
       0
       1
       0
       0
       0
       0
       0
       0
       0
       0
       0
       0
       0
       0
       0
       0
       0
       0
       0
       0
       0
       0
       0
       0
       0
       0
       0
       0
       0
       0
       0
       0
       0
       0
       0
       0
       0
       0
       0
       0
       0
$ROI:
1
115 140
$PRESETS:
Live Time
100
0
$ENER_FIT:
0.000000 0.000000
$MCA_CAL:
3
0.000000E+000 0.000000E+000 0.000000E+000 
$SHAPE_CAL:
3
0.000000E+000 0.000000E+000 0.000000E+000
