$SPEC_ID:
No sample description was entered.
$SPEC_REM:
DET# 1
DETDESC# PRAK01 Easy-MCA-2k SN 15071856
AP# Maestro Version 7.01
$DATE_MEA:
01/14/2002 22:29:54
$MEAS_TIM:
100 100
$DATA:
0 511
       0
       0
       0
       0
       0
       0
       0
       0
       0
       0
       0
       0
       1
       0
       0
       0
       0
       0
       2
     180
     214
     219
     248
     218
     244
     271
     263
     269
     292
     274
     269
     268
     292
     314
     297
     326
     322
     329
     337
     349
     358
     321
     342
     358
     303
     351
     344
     331
     330
     326
     345
     329
     341
     303
     306
     304
     334
     273
     269
     287
     276
     258
     270
     276
     288
     247
     272
     273
     263
     270
     270
     269
     271
     311
     268
     275
     285
     281
     287
     259
     294
     294
     308
     300
     288
     286
     261
     241
     253
     206
     212
     217
     208
     175
     153
     152
     128
     129
     115
     104
     120
      94
     103
      92
      99
      99
     100
     114
     121
      97
     105
     110
     132
     128
     137
     146
     234
     317
     373
     536
     784
    1002
    1352
    1638
    1774
    2017
    1996
    1936
    1780
    1521
    1086
     807
     557
     331
     204
     114
      59
      22
      10
       9
       5
       2
       2
       1
       5
       0
       8
       1
       3
       3
       3
       4
       3
       0
       7
       6
       3
       1
       2
       1
       0
       1
       5
       3
       0
       0
       2
       2
       2
       3
       1
       4
       1
       5
       2
       4
       2
       1
       1
       1
       2
       2
       2
       1
       0
       2
       1
       0
       0
       1
       1
       0
       3
       1
       2
       0
       0
       0
       2
       0
       1
       1
       1
       0
       2
       3
       2
       0
       4
       4
       3
       0
       1
       1
       2
       0
       0
       0
       0
       0
       1
       1
       1
       2
       1
       2
       1
       2
       0
       3
       2
       1
       1
       0
       0
       1
       1
       0
       0
       2
       0
       1
       2
       2
       0
       0
       1
       0
       1
       1
       1
       0
       2
       1
       0
       1
       1
       1
       0
       1
       2
       3
       1
       2
       2
       1
       1
       1
       1
       2
       0
       0
       0
       1
       0
       1
       0
       0
       0
       2
       2
       0
       1
       0
       0
       0
       0
       0
       0
       1
       1
       0
       0
       0
       0
       1
       0
       0
       2
       0
       0
       0
       2
       1
       0
       1
       0
       0
       1
       0
       0
       0
       1
       2
       0
       0
       0
       0
       0
       0
       0
       0
       1
       0
       0
       0
       0
       0
       0
       0
       0
       0
       0
       0
       0
       0
       0
       0
       0
       0
       0
       0
       0
       0
       0
       0
       0
       0
       1
       1
       0
       0
       0
       2
       0
       1
       0
       0
       0
       0
       0
       1
       0
       0
       0
       0
       0
       0
       1
       0
       1
       0
       0
       0
       0
       1
       0
       0
       0
       0
       0
       1
       0
       1
       0
       0
       0
       0
       0
       0
       1
       0
       1
       0
       1
       0
       0
       0
       0
       0
       0
       0
       0
       1
       0
       0
       0
       0
       0
       0
       0
       0
       0
       0
       0
       0
       0
       0
       0
       0
       0
       1
       0
       0
       0
       0
       0
       0
       0
       0
       1
       0
       0
       0
       1
       0
       0
       0
       0
       0
       0
       1
       0
       1
       0
       0
       0
       1
       0
       1
       0
       0
       0
       0
       0
       0
       0
       0
       0
       1
       0
       0
       0
       1
       0
       1
       0
       0
       0
       0
       0
       0
       0
       0
       0
       1
       0
       0
       0
       0
       0
       0
       0
       0
       0
       0
       0
       0
       0
       0
       0
       0
       0
       0
       0
       0
       0
       0
       0
       0
       0
       0
       0
       0
       0
       0
       0
       0
       0
       0
       0
       0
$ROI:
1
115 140
$PRESETS:
Live Time
100
0
$ENER_FIT:
0.000000 0.000000
$MCA_CAL:
3
0.000000E+000 0.000000E+000 0.000000E+000 
$SHAPE_CAL:
3
0.000000E+000 0.000000E+000 0.000000E+000
