$SPEC_ID:
No sample description was entered.
$SPEC_REM:
DET# 1
DETDESC# PRAK01 Easy-MCA-2k SN 15071856
AP# Maestro Version 7.01
$DATE_MEA:
01/14/2002 22:38:42
$MEAS_TIM:
100 100
$DATA:
0 511
       0
       0
       0
       0
       0
       0
       0
       0
       0
       0
       0
       0
       0
       0
       1
       0
       0
       3
       4
     162
     221
     233
     203
     210
     221
     264
     239
     258
     265
     289
     288
     291
     266
     279
     312
     288
     303
     282
     343
     371
     383
     361
     331
     366
     312
     331
     332
     310
     317
     319
     327
     316
     295
     295
     302
     282
     253
     301
     297
     288
     242
     293
     281
     298
     278
     284
     259
     265
     244
     265
     252
     289
     250
     249
     287
     276
     268
     272
     270
     277
     286
     275
     275
     290
     275
     278
     274
     251
     257
     226
     256
     194
     201
     178
     146
     141
     141
     119
     109
     107
      96
     114
     113
      99
     106
     108
     107
     103
      87
     113
     102
     109
     105
     121
     127
     151
     181
     230
     345
     467
     666
     834
    1164
    1423
    1747
    1882
    1983
    1938
    1704
    1571
    1239
     983
     692
     497
     337
     200
     126
      70
      43
      24
      14
       3
       7
       2
       1
       4
       2
       1
       3
       5
       2
       0
       2
       0
       1
       3
       3
       1
       2
       0
       2
       1
       2
       1
       3
       0
       6
       2
       3
       4
       2
       4
       1
       0
       0
       3
       1
       2
       2
       1
       3
       2
       1
       2
       1
       1
       3
       0
       6
       3
       2
       3
       0
       2
       0
       1
       1
       1
       1
       2
       0
       0
       1
       1
       2
       1
       3
       0
       1
       1
       1
       1
       3
       2
       1
       2
       1
       5
       0
       1
       1
       1
       3
       2
       2
       1
       2
       1
       1
       0
       1
       0
       0
       1
       0
       0
       1
       2
       2
       3
       1
       0
       0
       2
       1
       0
       2
       1
       0
       0
       0
       0
       0
       2
       2
       0
       0
       1
       0
       3
       2
       1
       1
       0
       0
       1
       2
       2
       2
       2
       5
       3
       1
       2
       2
       0
       0
       0
       1
       0
       1
       0
       0
       0
       1
       1
       0
       0
       0
       0
       1
       0
       1
       0
       0
       0
       0
       1
       0
       0
       2
       0
       0
       0
       0
       0
       0
       1
       1
       0
       0
       0
       0
       1
       0
       0
       0
       0
       0
       0
       0
       0
       0
       0
       0
       0
       0
       0
       0
       2
       0
       0
       1
       0
       0
       1
       0
       0
       0
       1
       0
       0
       0
       0
       0
       0
       1
       0
       0
       0
       0
       0
       0
       0
       0
       0
       1
       0
       0
       0
       0
       0
       0
       0
       0
       0
       0
       0
       0
       0
       1
       0
       0
       0
       0
       0
       0
       0
       0
       1
       0
       0
       0
       0
       0
       0
       0
       0
       1
       0
       0
       0
       0
       0
       0
       0
       0
       0
       0
       0
       1
       1
       0
       0
       0
       0
       0
       0
       0
       0
       0
       0
       0
       0
       0
       0
       0
       0
       0
       0
       1
       0
       1
       0
       0
       0
       0
       0
       0
       0
       0
       0
       0
       0
       0
       0
       1
       0
       0
       0
       0
       1
       0
       0
       0
       0
       0
       0
       0
       0
       0
       1
       1
       0
       0
       0
       1
       0
       0
       0
       0
       0
       0
       0
       1
       0
       0
       0
       1
       0
       0
       0
       0
       0
       0
       0
       0
       0
       1
       0
       0
       0
       0
       0
       0
       0
       0
       0
       0
       0
       0
       0
       0
       0
       0
       0
       0
       0
       0
       0
       0
       0
       0
       0
       0
       0
       0
       0
       0
       0
       0
       0
$ROI:
1
115 140
$PRESETS:
Live Time
100
0
$ENER_FIT:
0.000000 0.000000
$MCA_CAL:
3
0.000000E+000 0.000000E+000 0.000000E+000 
$SHAPE_CAL:
3
0.000000E+000 0.000000E+000 0.000000E+000
